Triangle plot data: 
Tolerance: 5 px
Perimeter: 7585.185059 
Area: 154262.609375 
